0000000090
(2(TR2,ES23.15), (TR2,I10.10), (TR2,ES23.15))                                   
    0.000000000000000E-00    0.000000000000000E+00  0000000001    0.000000000000000E-00
   -1.000000000000000E+00    0.000000000000000E+00  0000000001    3.332999944686890E-01
   -2.000000000000000E+00    0.000000000000000E+00  0000000001    3.332999944686890E-01
   -3.000000000000000E+00    0.000000000000000E+00  0000000001    3.332999944686890E-01
   -5.000000000000000E+00    0.000000000000000E+00  0000000001    3.332999944686890E-01
   -7.500000000000000E+00    0.000000000000000E+00  0000000001    3.332999944686890E-01
   -1.000000000000000E+01    0.000000000000000E+00  0000000001    3.332999944686890E-01
   -1.250000000000000E+01    0.000000000000000E+00  0000000001    3.332999944686890E-01
   -1.500000000000000E+01    0.000000000000000E+00  0000000001    3.332999944686890E-01
   -2.000000000000000E+01    0.000000000000000E+00  0000000001    3.332999944686890E-01
   -3.500000000000000E+01    0.000000000000000E+00  0000000001    3.332999944686890E-01
   -5.000000000000000E+01    0.000000000000000E+00  0000000001    3.332999944686890E-01
   -7.000000000000000E+01    0.000000000000000E+00  0000000001    3.332999944686890E-01
   -1.000000000000000E+02    0.000000000000000E+00  0000000001    3.332999944686890E-01
   -1.250000000000000E+02    0.000000000000000E+00  0000000001    3.332999944686890E-01
   -2.000000000000000E+02    0.000000000000000E+00  0000000001    3.332999944686890E-01
   -3.500000000000000E+02    0.000000000000000E+00  0000000001    3.332999944686890E-01
   -6.000000000000000E+02    0.000000000000000E+00  0000000001    3.332999944686890E-01
   -8.000000000000000E+02    0.000000000000000E+00  0000000001    3.332999944686890E-01
   -1.000000000000000E+03    0.000000000000000E+00  0000000001    3.332999944686890E-01
   -1.500000000000000E+03    0.000000000000000E+00  0000000001    3.332999944686890E-01
   -2.500000000000000E+03    0.000000000000000E+00  0000000001    3.332999944686890E-01
   -3.000000000000000E+03    0.000000000000000E+00  0000000001    3.332999944686890E-01
   -3.500000000000000E+03    0.000000000000000E+00  0000000001    3.332999944686890E-01
   -5.000000000000000E+03    0.000000000000000E+00  0000000001    3.332999944686890E-01
   -6.000000000000000E+03    0.000000000000000E+00  0000000001    3.332999944686890E-01
   -7.500000000000000E+03    0.000000000000000E+00  0000000001    3.332999944686890E-01
   -8.700000000000000E+03    0.000000000000000E+00  0000000001    3.332999944686890E-01
    5.000000000000000E+00    0.000000000000000E+00  0000000002    0.000000000000000E+00
    1.000000000000000E+01    0.000000000000000E+00  0000000002    0.000000000000000E+00
    1.500000000000000E+01    0.000000000000000E+00  0000000002    0.000000000000000E+00
    2.000000000000000E+01    0.000000000000000E+00  0000000002    0.000000000000000E+00
    2.500000000000000E+01    0.000000000000000E+00  0000000002    0.000000000000000E+00
    3.000000000000000E+01    0.000000000000000E+00  0000000002    0.000000000000000E+00
    4.000000000000000E+01    0.000000000000000E+00  0000000002    0.000000000000000E+00
    5.000000000000000E+01    0.000000000000000E+00  0000000002    0.000000000000000E+00
    6.000000000000000E+01    0.000000000000000E+00  0000000002    0.000000000000000E+00
    7.000000000000000E+01    0.000000000000000E+00  0000000002    0.000000000000000E+00
    8.000000000000000E+01    0.000000000000000E+00  0000000002    0.000000000000000E+00
    9.000000000000000E+01    0.000000000000000E+00  0000000002    0.000000000000000E+00
    1.000000000000000E+02    0.000000000000000E+00  0000000002    0.000000000000000E+00
    1.100000000000000E+02    0.000000000000000E+00  0000000002    0.000000000000000E+00
    1.200000000000000E+02    0.000000000000000E+00  0000000002    0.000000000000000E+00
    1.300000000000000E+02    0.000000000000000E+00  0000000002    0.000000000000000E+00
    1.400000000000000E+02    0.000000000000000E+00  0000000002    0.000000000000000E+00
    1.500000000000000E+02    0.000000000000000E+00  0000000002    0.000000000000000E+00
    1.600000000000000E+02    0.000000000000000E+00  0000000002    0.000000000000000E+00
    1.700000000000000E+02    0.000000000000000E+00  0000000002    0.000000000000000E+00
    1.800000000000000E+02    0.000000000000000E+00  0000000002    0.000000000000000E+00
    1.900000000000000E+02    0.000000000000000E+00  0000000002    0.000000000000000E+00
    2.000000000000000E+02    0.000000000000000E+00  0000000002    0.000000000000000E+00
    2.100000000000000E+02    0.000000000000000E+00  0000000002    0.000000000000000E+00
    2.200000000000000E+02    0.000000000000000E+00  0000000002    0.000000000000000E+00
    2.350000000000000E+02    0.000000000000000E+00  0000000002    0.000000000000000E+00
    2.500000000000000E+02    0.000000000000000E+00  0000000002    0.000000000000000E+00
    2.750000000000000E+02    0.000000000000000E+00  0000000002    0.000000000000000E+00
    3.000000000000000E+02    0.000000000000000E+00  0000000002    0.000000000000000E+00
    3.500000000000000E+02    0.000000000000000E+00  0000000002    0.000000000000000E+00
    4.000000000000000E+02    0.000000000000000E+00  0000000002    0.000000000000000E+00
    4.500000000000000E+02    0.000000000000000E+00  0000000002    0.000000000000000E+00
    5.000000000000000E+02    0.000000000000000E+00  0000000002    0.000000000000000E+00
    6.000000000000000E+02    0.000000000000000E+00  0000000002    0.000000000000000E+00
    7.000000000000000E+02    0.000000000000000E+00  0000000002    0.000000000000000E+00
    8.000000000000000E+02    0.000000000000000E+00  0000000002    0.000000000000000E+00
    1.000000000000000E+03    0.000000000000000E+00  0000000002    0.000000000000000E+00
    1.250000000000000E+03    0.000000000000000E+00  0000000002    0.000000000000000E+00
    1.500000000000000E+03    0.000000000000000E+00  0000000002    0.000000000000000E+00
    1.750000000000000E+03    0.000000000000000E+00  0000000002    0.000000000000000E+00
    2.000000000000000E+03    0.000000000000000E+00  0000000002    0.000000000000000E+00
    2.500000000000000E+03    0.000000000000000E+00  0000000002    0.000000000000000E+00
    3.000000000000000E+03    0.000000000000000E+00  0000000002    0.000000000000000E+00
    3.500000000000000E+03    0.000000000000000E+00  0000000002    0.000000000000000E+00
    4.000000000000000E+03    0.000000000000000E+00  0000000002    0.000000000000000E+00
    4.500000000000000E+03    0.000000000000000E+00  0000000002    0.000000000000000E+00
    5.000000000000000E+03    0.000000000000000E+00  0000000002    0.000000000000000E+00
    5.500000000000000E+03    0.000000000000000E+00  0000000002    0.000000000000000E+00
    6.000000000000000E+03    0.000000000000000E+00  0000000002    0.000000000000000E+00
    6.500000000000000E+03    0.000000000000000E+00  0000000002    0.000000000000000E+00
    7.000000000000000E+03    0.000000000000000E+00  0000000002    0.000000000000000E+00
    8.000000000000000E+03    0.000000000000000E+00  0000000002    0.000000000000000E+00
    9.000000000000000E+03    0.000000000000000E+00  0000000002    0.000000000000000E+00
    1.000000000000000E+04    0.000000000000000E+00  0000000002    0.000000000000000E+00
    1.100000000000000E+04    0.000000000000000E+00  0000000002    0.000000000000000E+00
    1.200000000000000E+04    0.000000000000000E+00  0000000002    0.000000000000000E+00
    1.800000000000000E+04    0.000000000000000E+00  0000000002    0.000000000000000E+00
    2.400000000000000E+04    0.000000000000000E+00  0000000002    0.000000000000000E+00
    3.000000000000000E+04    0.000000000000000E+00  0000000002    0.000000000000000E+00
    4.000000000000000E+04    0.000000000000000E+00  0000000002    0.000000000000000E+00
    5.000000000000000E+04    0.000000000000000E+00  0000000002    0.000000000000000E+00
    6.000000000000000E+04    0.000000000000000E+00  0000000002    0.000000000000000E+00
