#High contrast red-orange-white-cyan-blue colorbar for dBn quick look plots
255 0 1
255 3 2
255 6 3
255 9 3
255 12 4
255 15 5
255 18 6
255 21 7
255 24 8
255 27 9
255 30 10
255 33 11
255 37 12
255 40 13
255 43 14
255 46 14
255 49 15
255 52 16
255 55 17
255 58 18
255 61 19
255 64 20
255 67 21
255 70 22
255 73 23
255 76 23
255 79 24
255 82 25
255 85 26
255 88 27
255 91 28
255 94 29
255 97 30
255 100 31
255 103 32
255 106 33
255 110 34
255 113 34
255 116 35
255 119 36
255 122 37
255 125 38
255 128 39
255 131 40
255 134 41
255 137 42
255 140 43
255 143 44
255 146 44
255 149 45
255 152 46
255 155 47
255 158 48
255 161 49
255 164 50
255 167 51
255 170 52
255 173 53
255 176 54
255 180 54
255 183 55
255 186 56
255 189 57
255 192 58
255 194 59
255 195 63
255 196 66
255 197 69
255 198 72
255 199 75
255 200 78
255 201 81
255 202 84
255 203 87
255 204 90
255 205 93
255 206 96
255 207 100
255 208 103
255 209 106
255 210 109
255 211 112
255 212 115
255 213 118
255 214 121
255 215 124
255 216 127
255 217 130
255 217 133
255 218 136
255 219 140
255 220 143
255 221 146
255 222 149
255 223 152
255 224 155
255 225 158
255 226 161
255 227 164
255 228 167
255 229 170
255 230 173
255 231 176
255 232 180
255 233 183
255 234 186
255 235 189
255 236 192
255 237 195
255 238 198
255 239 201
255 240 204
255 241 207
255 242 210
255 243 213
255 244 217
255 245 220
255 246 223
255 247 226
255 248 229
255 249 232
255 249 235
255 250 238
255 251 241
255 252 244
255 253 247
255 254 250
255 255 253
253 255 255
249 255 255
245 255 255
241 255 255
237 255 255
233 255 255
229 255 255
225 255 255
221 255 255
217 255 255
213 255 255
209 255 255
205 255 255
201 255 255
197 255 255
193 255 255
189 255 255
185 255 255
181 255 255
177 255 255
173 255 255
169 255 255
165 255 255
161 255 255
157 255 255
153 255 255
149 255 255
145 255 255
141 255 255
137 255 255
133 255 255
129 255 255
125 255 255
121 255 255
117 255 255
113 255 255
109 255 255
105 255 255
101 255 255
97 255 255
93 255 255
89 255 255
85 255 255
81 255 255
77 255 255
73 255 255
69 255 255
65 255 255
61 255 255
57 255 255
53 255 255
49 255 255
45 255 255
41 255 255
37 255 255
33 255 255
29 255 255
25 255 255
21 255 255
17 255 255
13 255 255
9 255 255
5 255 255
1 255 255
0 253 255
0 249 255
0 245 255
0 241 255
0 237 255
0 233 255
0 229 255
0 225 255
0 221 255
0 217 255
0 213 255
0 209 255
0 205 255
0 201 255
0 197 255
0 193 255
0 189 255
0 185 255
0 181 255
0 177 255
0 173 255
0 169 255
0 164 255
0 160 255
0 156 255
0 152 255
0 148 255
0 144 255
0 140 255
0 136 255
0 132 255
0 128 255
0 124 255
0 120 255
0 116 255
0 112 255
0 108 255
0 104 255
0 100 255
0 96 255
0 92 255
0 88 255
0 84 255
0 80 255
0 76 255
0 72 255
0 68 255
0 64 255
0 60 255
0 56 255
0 52 255
0 48 255
0 44 255
0 40 255
0 36 255
0 32 255
0 28 255
0 24 255
0 20 255
0 16 255
0 12 255
0 8 255
0 4 255
0 0 255